#Spline Fit and Residuals
#    Xvals             Yvals             Yspline           dYspline
   0.7013052E+04,    0.1716030E+03,    0.1695458E+03,   -0.2057191E+01
   0.7027014E+04,    0.1719680E+03,    0.1724570E+03,    0.4889959E+00
   0.7040003E+04,    0.1742830E+03,    0.1745905E+03,    0.3074842E+00
   0.7054941E+04,    0.1754140E+03,    0.1764640E+03,    0.1049989E+01
   0.7058927E+04,    0.1751400E+03,    0.1768734E+03,    0.1733377E+01
   0.7067970E+04,    0.1760810E+03,    0.1776803E+03,    0.1599257E+01
   0.7095845E+04,    0.1778400E+03,    0.1793562E+03,    0.1516246E+01
   0.7124747E+04,    0.1868800E+03,    0.1804457E+03,   -0.6434310E+01
   0.7140852E+04,    0.1840070E+03,    0.1810822E+03,   -0.2924781E+01
   0.7195547E+04,    0.1786020E+03,    0.1856756E+03,    0.7073581E+01
   0.7197547E+04,    0.1897150E+03,    0.1859530E+03,   -0.3761991E+01
   0.7208517E+04,    0.1907260E+03,    0.1876209E+03,   -0.3105088E+01
   0.7222479E+04,    0.1905620E+03,    0.1900952E+03,   -0.4667829E+00
   0.7237438E+04,    0.1938730E+03,    0.1931705E+03,   -0.7025282E+00
   0.7250403E+04,    0.1721090E+03,    0.1961796E+03,    0.2407062E+02
   0.7264455E+04,    0.2039280E+03,    0.1997903E+03,   -0.4137693E+01
   0.7266370E+04,    0.1943630E+03,    0.2003099E+03,    0.5946854E+01
   0.7278346E+04,    0.2018750E+03,    0.2037050E+03,    0.1830014E+01
   0.7292323E+04,    0.2255320E+03,    0.2079782E+03,   -0.1755382E+02
   0.7322215E+04,    0.2190340E+03,    0.2181886E+03,   -0.8454198E+00
   0.7334208E+04,    0.2332820E+03,    0.2226748E+03,   -0.1060715E+02
   0.7348192E+04,    0.2364580E+03,    0.2281731E+03,   -0.8284863E+01
   0.7362185E+04,    0.2472570E+03,    0.2339577E+03,   -0.1329931E+02
   0.7376076E+04,    0.2377980E+03,    0.2399849E+03,    0.2186898E+01
   0.7390060E+04,    0.2394550E+03,    0.2463428E+03,    0.6887824E+01
   0.7404005E+04,    0.2454370E+03,    0.2529795E+03,    0.7542471E+01
   0.7416989E+04,    0.2600310E+03,    0.2594293E+03,   -0.6016747E+00
   0.7431913E+04,    0.2587340E+03,    0.2671699E+03,    0.8435915E+01
   0.7445887E+04,    0.2581080E+03,    0.2747411E+03,    0.1663310E+02
   0.7459856E+04,    0.2734280E+03,    0.2826267E+03,    0.9198653E+01
   0.7480065E+04,    0.2904930E+03,    0.2946062E+03,    0.4113186E+01
   0.7490801E+04,    0.3090890E+03,    0.3012507E+03,   -0.7838296E+01
   0.7502722E+04,    0.3130440E+03,    0.3088595E+03,   -0.4184485E+01
   0.7516692E+04,    0.3267170E+03,    0.3180861E+03,   -0.8630871E+01
   0.7519661E+04,    0.3293700E+03,    0.3200867E+03,   -0.9283274E+01
   0.7530657E+04,    0.3088060E+03,    0.3275868E+03,    0.1878080E+02
   0.7554698E+04,    0.3526270E+03,    0.3442762E+03,   -0.8350764E+01
   0.7574518E+04,    0.3500830E+03,    0.3580150E+03,    0.7932023E+01
   0.7585691E+04,    0.3726730E+03,    0.3656238E+03,   -0.7049199E+01
   0.7598546E+04,    0.3679320E+03,    0.3741657E+03,    0.6233656E+01
   0.7613576E+04,    0.4049190E+03,    0.3837548E+03,   -0.2116423E+02
   0.7620431E+04,    0.3944410E+03,    0.3879508E+03,   -0.6490184E+01
   0.7628110E+04,    0.3953120E+03,    0.3924970E+03,   -0.2815011E+01
   0.7641456E+04,    0.3975230E+03,    0.3999574E+03,    0.2434374E+01
   0.7643555E+04,    0.4044390E+03,    0.4010750E+03,   -0.3364036E+01
   0.7658382E+04,    0.4147550E+03,    0.4084847E+03,   -0.6270279E+01
   0.7670339E+04,    0.4166800E+03,    0.4137807E+03,   -0.2899325E+01
   0.7673674E+04,    0.4169490E+03,    0.4151393E+03,   -0.1809665E+01
   0.7685311E+04,    0.4119220E+03,    0.4194585E+03,    0.7536455E+01
   0.7701212E+04,    0.4202750E+03,    0.4243509E+03,    0.4075935E+01
   0.7715276E+04,    0.4219640E+03,    0.4277774E+03,    0.5813415E+01
   0.7725198E+04,    0.4189700E+03,    0.4297241E+03,    0.1075413E+02
   0.7741148E+04,    0.4261160E+03,    0.4321043E+03,    0.5988304E+01
   0.7757054E+04,    0.4336390E+03,    0.4336432E+03,    0.4165821E-02
   0.7769228E+04,    0.4393340E+03,    0.4343186E+03,   -0.5015435E+01
   0.7781069E+04,    0.4313420E+03,    0.4346033E+03,    0.3261297E+01
   0.7786108E+04,    0.4315470E+03,    0.4346231E+03,    0.3076106E+01
   0.7796961E+04,    0.4191230E+03,    0.4344795E+03,    0.1535647E+02
   0.7816250E+04,    0.4094820E+03,    0.4336789E+03,    0.2419686E+02
   0.7836865E+04,    0.4504280E+03,    0.4322198E+03,   -0.1820816E+02
   0.7852768E+04,    0.4521330E+03,    0.4307935E+03,   -0.2133955E+02
   0.7858924E+04,    0.4388150E+03,    0.4301859E+03,   -0.8629121E+01
   0.7880003E+04,    0.4458600E+03,    0.4279133E+03,   -0.1794673E+02
   0.7900649E+04,    0.4387940E+03,    0.4254683E+03,   -0.1332571E+02
   0.7915591E+04,    0.4170420E+03,    0.4236144E+03,    0.6572431E+01
   0.7932538E+04,    0.4071180E+03,    0.4214739E+03,    0.1435594E+02
   0.7971534E+04,    0.3967760E+03,    0.4166563E+03,    0.1988035E+02
   0.7978535E+04,    0.4087380E+03,    0.4158416E+03,    0.7103602E+01
   0.7991275E+04,    0.4163220E+03,    0.4144230E+03,   -0.1899048E+01
   0.7996361E+04,    0.3953370E+03,    0.4138835E+03,    0.1854645E+02
   0.8002602E+04,    0.4173300E+03,    0.4132453E+03,   -0.4084744E+01
   0.8006690E+04,    0.4240360E+03,    0.4128426E+03,   -0.1119339E+02
   0.8019508E+04,    0.4133930E+03,    0.4116539E+03,   -0.1739108E+01
   0.8023697E+04,    0.4174010E+03,    0.4112862E+03,   -0.6114827E+01
   0.8030658E+04,    0.4235540E+03,    0.4106934E+03,   -0.1286057E+02
   0.8049439E+04,    0.4099380E+03,    0.4091738E+03,   -0.7642039E+00
   0.8073197E+04,    0.3854650E+03,    0.4072995E+03,    0.2183453E+02
   0.8088205E+04,    0.3972700E+03,    0.4060641E+03,    0.8794108E+01
   0.8101079E+04,    0.4021320E+03,    0.4049288E+03,    0.2796766E+01
   0.8104514E+04,    0.4047260E+03,    0.4046099E+03,   -0.1160706E+00
   0.8114246E+04,    0.3886110E+03,    0.4036622E+03,    0.1505118E+02
   0.8127392E+04,    0.4173510E+03,    0.4022593E+03,   -0.1509170E+02
   0.8141309E+04,    0.4216120E+03,    0.4005876E+03,   -0.2102444E+02
   0.8143354E+04,    0.4226350E+03,    0.4003235E+03,   -0.2231145E+02
   0.8149245E+04,    0.4095700E+03,    0.3995341E+03,   -0.1003591E+02
   0.8160252E+04,    0.4177300E+03,    0.3979362E+03,   -0.1979383E+02
   0.8199109E+04,    0.3952260E+03,    0.3908878E+03,   -0.4338235E+01
   0.8208011E+04,    0.3811490E+03,    0.3890032E+03,    0.7854159E+01
   0.8213077E+04,    0.3808420E+03,    0.3878959E+03,    0.7053882E+01
   0.8231588E+04,    0.3775250E+03,    0.3836738E+03,    0.6148800E+01
   0.8244979E+04,    0.3741260E+03,    0.3804905E+03,    0.6364453E+01
   0.8247853E+04,    0.3656130E+03,    0.3797976E+03,    0.1418463E+02
   0.8263789E+04,    0.3536910E+03,    0.3759198E+03,    0.2222885E+02
   0.8282694E+04,    0.3737360E+03,    0.3713092E+03,   -0.2426807E+01
   0.8287760E+04,    0.3669430E+03,    0.3700850E+03,    0.3141978E+01
   0.8303640E+04,    0.3624150E+03,    0.3663147E+03,    0.3899686E+01
   0.8306536E+04,    0.3494300E+03,    0.3656417E+03,    0.1621171E+02
   0.8319909E+04,    0.3440620E+03,    0.3626114E+03,    0.1854945E+02
   0.8324695E+04,    0.3538810E+03,    0.3615627E+03,    0.7681745E+01
   0.8337874E+04,    0.3587780E+03,    0.3587932E+03,    0.1522943E-01
   0.8352611E+04,    0.3663250E+03,    0.3559105E+03,   -0.1041450E+02
   0.8363476E+04,    0.3708060E+03,    0.3539075E+03,   -0.1689847E+02
   0.8371414E+04,    0.3524360E+03,    0.3524969E+03,    0.6092071E-01
   0.8380565E+04,    0.3604760E+03,    0.3509152E+03,   -0.9560766E+01
   0.8391442E+04,    0.3610330E+03,    0.3490819E+03,   -0.1195109E+02
   0.8407420E+04,    0.3615910E+03,    0.3464412E+03,   -0.1514983E+02
   0.8423194E+04,    0.3597830E+03,    0.3438415E+03,   -0.1594148E+02
   0.8431197E+04,    0.3613760E+03,    0.3425064E+03,   -0.1886957E+02
   0.8435293E+04,    0.3454690E+03,    0.3418153E+03,   -0.3653662E+01
   0.8447261E+04,    0.3463320E+03,    0.3397546E+03,   -0.6577411E+01
   0.8464355E+04,    0.3356910E+03,    0.3366617E+03,    0.9706669E+00
   0.8474301E+04,    0.3213510E+03,    0.3347550E+03,    0.1340398E+02
   0.8489250E+04,    0.3337260E+03,    0.3317012E+03,   -0.2024847E+01
   0.8507107E+04,    0.3229920E+03,    0.3276963E+03,    0.4704347E+01
   0.8516121E+04,    0.3166590E+03,    0.3255220E+03,    0.8863021E+01
   0.8529202E+04,    0.3005450E+03,    0.3222226E+03,    0.2167763E+02
   0.8553179E+04,    0.3087500E+03,    0.3158848E+03,    0.7134759E+01
   0.8569130E+04,    0.3092790E+03,    0.3115868E+03,    0.2307756E+01
   0.8578944E+04,    0.3083980E+03,    0.3089569E+03,    0.5588877E+00
   0.8593070E+04,    0.3091290E+03,    0.3052416E+03,   -0.3887414E+01
   0.8607120E+04,    0.3014000E+03,    0.3016842E+03,    0.2841554E+00
   0.8625825E+04,    0.2924970E+03,    0.2972694E+03,    0.4772387E+01
   0.8633860E+04,    0.2787000E+03,    0.2955182E+03,    0.1681818E+02
   0.8648898E+04,    0.2928180E+03,    0.2925299E+03,   -0.2880632E+00
   0.8666677E+04,    0.2944520E+03,    0.2895720E+03,   -0.4880001E+01
   0.8707621E+04,    0.2942460E+03,    0.2852113E+03,   -0.9034672E+01
   0.8724505E+04,    0.2958490E+03,    0.2841375E+03,   -0.1171151E+02
   0.8740448E+04,    0.3003840E+03,    0.2833519E+03,   -0.1703213E+02
   0.8771438E+04,    0.2835250E+03,    0.2820747E+03,   -0.1450312E+01
   0.8788311E+04,    0.2859150E+03,    0.2813045E+03,   -0.4610537E+01
   0.8804263E+04,    0.2796450E+03,    0.2803894E+03,    0.7444106E+00
   0.8820223E+04,    0.2794040E+03,    0.2791891E+03,   -0.2148872E+00
   0.8835265E+04,    0.2724520E+03,    0.2777069E+03,    0.5254942E+01
   0.8851213E+04,    0.2667440E+03,    0.2757263E+03,    0.8982318E+01
   0.8860108E+04,    0.2694730E+03,    0.2744622E+03,    0.4989153E+01
   0.8877065E+04,    0.2686150E+03,    0.2717935E+03,    0.3178492E+01
   0.8892006E+04,    0.2659040E+03,    0.2692219E+03,    0.3317855E+01
   0.8904956E+04,    0.2682830E+03,    0.2668775E+03,   -0.1405536E+01
   0.8918939E+04,    0.2674470E+03,    0.2642747E+03,   -0.3172275E+01
   0.8935888E+04,    0.2464560E+03,    0.2610933E+03,    0.1463729E+02
   0.8962812E+04,    0.2560020E+03,    0.2561949E+03,    0.1928580E+00
   0.8978826E+04,    0.2518450E+03,    0.2535014E+03,    0.1656376E+01
   0.8992679E+04,    0.2576970E+03,    0.2513777E+03,   -0.6319304E+01
   0.9005712E+04,    0.2606140E+03,    0.2495984E+03,   -0.1101559E+02
   0.9021652E+04,    0.2499070E+03,    0.2477232E+03,   -0.2183768E+01
   0.9033640E+04,    0.2433620E+03,    0.2465234E+03,    0.3161398E+01
   0.9050541E+04,    0.2463300E+03,    0.2451261E+03,   -0.1203863E+01
   0.9060542E+04,    0.2488350E+03,    0.2444557E+03,   -0.4379314E+01
   0.9076504E+04,    0.2429050E+03,    0.2436162E+03,    0.7111945E+00
   0.9088462E+04,    0.2518330E+03,    0.2431659E+03,   -0.8667109E+01
   0.9105459E+04,    0.2352280E+03,    0.2427766E+03,    0.7548635E+01
   0.9115386E+04,    0.2424320E+03,    0.2426795E+03,    0.2475449E+00
   0.9128295E+04,    0.2429990E+03,    0.2426903E+03,   -0.3087038E+00
   0.9138339E+04,    0.2411960E+03,    0.2428015E+03,    0.1605502E+01
   0.9154311E+04,    0.2384800E+03,    0.2431545E+03,    0.4674532E+01
   0.9178221E+04,    0.2432000E+03,    0.2440641E+03,    0.8641177E+00
   0.9194185E+04,    0.2463010E+03,    0.2449256E+03,   -0.1375434E+01
   0.9202161E+04,    0.2436470E+03,    0.2454345E+03,    0.1787483E+01
   0.9218136E+04,    0.2439280E+03,    0.2466152E+03,    0.2687218E+01
   0.9234095E+04,    0.2486680E+03,    0.2480151E+03,   -0.6529418E+00
   0.9250042E+04,    0.2501360E+03,    0.2496401E+03,   -0.4959089E+00
   0.9265999E+04,    0.2523250E+03,    0.2514988E+03,   -0.8262135E+00
   0.9278992E+04,    0.2504090E+03,    0.2531887E+03,    0.2779695E+01
   0.9295249E+04,    0.2570430E+03,    0.2555315E+03,   -0.1511484E+01
   0.9308160E+04,    0.2596950E+03,    0.2575774E+03,   -0.2117639E+01
   0.9313880E+04,    0.2656820E+03,    0.2585370E+03,   -0.7145023E+01
   0.9321086E+04,    0.2623030E+03,    0.2597933E+03,   -0.2509736E+01
   0.9326171E+04,    0.2563170E+03,    0.2607119E+03,    0.4394856E+01
   0.9337155E+04,    0.2620070E+03,    0.2627866E+03,    0.7796279E+00
   0.9343134E+04,    0.2621070E+03,    0.2639677E+03,    0.1860734E+01
   0.9349085E+04,    0.2687570E+03,    0.2651790E+03,   -0.3577979E+01
   0.9357004E+04,    0.2700920E+03,    0.2668451E+03,   -0.3246940E+01
   0.9364969E+04,    0.2706170E+03,    0.2685830E+03,   -0.2034028E+01
   0.9371738E+04,    0.2756450E+03,    0.2701081E+03,   -0.5536948E+01
   0.9378706E+04,    0.2583860E+03,    0.2717234E+03,    0.1333735E+02
   0.9383970E+04,    0.2744480E+03,    0.2729740E+03,   -0.1474031E+01
   0.9387958E+04,    0.2727090E+03,    0.2739384E+03,    0.1229424E+01
   0.9396959E+04,    0.2787850E+03,    0.2761695E+03,   -0.2615541E+01
   0.9402646E+04,    0.2794260E+03,    0.2776170E+03,   -0.1809035E+01
   0.9408656E+04,    0.2802770E+03,    0.2791779E+03,   -0.1099057E+01
   0.9417603E+04,    0.2880230E+03,    0.2815612E+03,   -0.6461764E+01
   0.9423577E+04,    0.2866870E+03,    0.2831911E+03,   -0.3495929E+01
   0.9430581E+04,    0.2773960E+03,    0.2851411E+03,    0.7745119E+01
   0.9436681E+04,    0.2895500E+03,    0.2868732E+03,   -0.2676847E+01
   0.9445565E+04,    0.2920770E+03,    0.2894511E+03,   -0.2625866E+01
   0.9451635E+04,    0.2729250E+03,    0.2912495E+03,    0.1832449E+02
   0.9458590E+04,    0.2906900E+03,    0.2933468E+03,    0.2656815E+01
   0.9464641E+04,    0.2844420E+03,    0.2952029E+03,    0.1076086E+02
   0.9476527E+04,    0.2962700E+03,    0.2989313E+03,    0.2661306E+01
   0.9484561E+04,    0.3024910E+03,    0.3015125E+03,   -0.9785043E+00
   0.9492965E+04,    0.3045010E+03,    0.3042643E+03,   -0.2366949E+00
   0.9493849E+04,    0.3037410E+03,    0.3045567E+03,    0.8157023E+00
   0.9500346E+04,    0.3059580E+03,    0.3067248E+03,    0.7668092E+00
   0.9508507E+04,    0.3121040E+03,    0.3094973E+03,   -0.2606741E+01
   0.9516519E+04,    0.3193080E+03,    0.3122776E+03,   -0.7030405E+01
   0.9525418E+04,    0.3158630E+03,    0.3154402E+03,   -0.4227718E+00
   0.9533453E+04,    0.3185260E+03,    0.3183685E+03,   -0.1574848E+00
   0.9547488E+04,    0.3254250E+03,    0.3236668E+03,   -0.1758201E+01
   0.9560388E+04,    0.3314840E+03,    0.3287625E+03,   -0.2721476E+01
   0.9568431E+04,    0.3239550E+03,    0.3320593E+03,    0.8104318E+01
   0.9575407E+04,    0.3415930E+03,    0.3349979E+03,   -0.6595099E+01
   0.9582378E+04,    0.3426190E+03,    0.3380119E+03,   -0.4607089E+01
   0.9590326E+04,    0.3469450E+03,    0.3415474E+03,   -0.5397591E+01
   0.9595352E+04,    0.3466660E+03,    0.3438396E+03,   -0.2826430E+01
   0.9609321E+04,    0.3555820E+03,    0.3504531E+03,   -0.5128853E+01
   0.9614291E+04,    0.3594740E+03,    0.3528963E+03,   -0.6577742E+01
   0.9621251E+04,    0.3605140E+03,    0.3564002E+03,   -0.4113782E+01
   0.9628249E+04,    0.3631940E+03,    0.3600242E+03,   -0.3169844E+01
   0.9642217E+04,    0.3696850E+03,    0.3675738E+03,   -0.2111189E+01
   0.9649151E+04,    0.3666230E+03,    0.3714854E+03,    0.4862427E+01
   0.9666170E+04,    0.3753840E+03,    0.3815663E+03,    0.6182300E+01
   0.9673148E+04,    0.3772530E+03,    0.3858813E+03,    0.8628302E+01
   0.9687126E+04,    0.3898920E+03,    0.3947690E+03,    0.4876974E+01
   0.9694080E+04,    0.3920970E+03,    0.3992831E+03,    0.7186089E+01
   0.9699962E+04,    0.4011490E+03,    0.4031346E+03,    0.1985649E+01
   0.9716986E+04,    0.4023490E+03,    0.4143717E+03,    0.1202270E+02
   0.9730958E+04,    0.4207710E+03,    0.4235811E+03,    0.2810136E+01
   0.9738007E+04,    0.4245750E+03,    0.4281836E+03,    0.3608604E+01
   0.9745940E+04,    0.4558470E+03,    0.4333024E+03,   -0.2254457E+02
   0.9758918E+04,    0.4390750E+03,    0.4414867E+03,    0.2411705E+01
   0.9765638E+04,    0.4424760E+03,    0.4456057E+03,    0.3129694E+01
   0.9777647E+04,    0.4597630E+03,    0.4527138E+03,   -0.7049248E+01
   0.9783603E+04,    0.4566120E+03,    0.4561003E+03,   -0.5116901E+00
   0.9797576E+04,    0.4677560E+03,    0.4636209E+03,   -0.4135124E+01
   0.9812602E+04,    0.4737500E+03,    0.4709360E+03,   -0.2814019E+01
   0.9819601E+04,    0.4742400E+03,    0.4740312E+03,   -0.2087717E+00
   0.9826530E+04,    0.4745780E+03,    0.4768804E+03,    0.2302357E+01
   0.9833508E+04,    0.4931410E+03,    0.4795280E+03,   -0.1361301E+02
   0.9840490E+04,    0.4762640E+03,    0.4819548E+03,    0.5690752E+01
   0.9852463E+04,    0.4613100E+03,    0.4856017E+03,    0.2429175E+02
   0.9860461E+04,    0.4996860E+03,    0.4876779E+03,   -0.1200807E+02
   0.9867463E+04,    0.4651360E+03,    0.4892601E+03,    0.2412414E+02
   0.9882406E+04,    0.4896550E+03,    0.4919059E+03,    0.2250938E+01
   0.9890512E+04,    0.4947060E+03,    0.4929275E+03,   -0.1778465E+01
   0.9899219E+04,    0.4983280E+03,    0.4937029E+03,   -0.4625126E+01
   0.9907191E+04,    0.5105530E+03,    0.4941218E+03,   -0.1643124E+02
   0.9919439E+04,    0.4972910E+03,    0.4942268E+03,   -0.3064182E+01
   0.9927450E+04,    0.5117580E+03,    0.4939447E+03,   -0.1781328E+02
   0.9945071E+04,    0.4998100E+03,    0.4923558E+03,   -0.7454239E+01
   0.9951078E+04,    0.4986090E+03,    0.4915118E+03,   -0.7097181E+01
   0.9959112E+04,    0.4950250E+03,    0.4901445E+03,   -0.4880466E+01
   0.9966081E+04,    0.4632450E+03,    0.4887385E+03,    0.2549345E+02
   0.9974995E+04,    0.4823930E+03,    0.4866434E+03,    0.4250442E+01
   0.9983265E+04,    0.4741000E+03,    0.4844038E+03,    0.1030377E+02
   0.9990947E+04,    0.4808350E+03,    0.4820699E+03,    0.1234923E+01
   0.1000719E+05,    0.4720310E+03,    0.4764235E+03,    0.4392500E+01
   0.1001517E+05,    0.4770990E+03,    0.4733688E+03,   -0.3730164E+01
   0.1002314E+05,    0.4741640E+03,    0.4701825E+03,   -0.3981507E+01
   0.1003696E+05,    0.4556420E+03,    0.4644587E+03,    0.8816689E+01
   0.1004578E+05,    0.4662620E+03,    0.4607485E+03,   -0.5513471E+01
   0.1006274E+05,    0.4595090E+03,    0.4536925E+03,   -0.5816450E+01
   0.1006772E+05,    0.4485660E+03,    0.4516833E+03,    0.3117296E+01
   0.1007469E+05,    0.4480950E+03,    0.4489466E+03,    0.8516208E+00
   0.1008069E+05,    0.4404920E+03,    0.4466845E+03,    0.6192541E+01
   0.1008687E+05,    0.4502640E+03,    0.4444561E+03,   -0.5807935E+01
   0.1009287E+05,    0.4474260E+03,    0.4424100E+03,   -0.5015972E+01
   0.1010196E+05,    0.4295800E+03,    0.4395711E+03,    0.9991059E+01
   0.1011463E+05,    0.4452500E+03,    0.4362272E+03,   -0.9022791E+01
   0.1012466E+05,    0.4404440E+03,    0.4341743E+03,   -0.6269733E+01
   0.1013265E+05,    0.4292530E+03,    0.4329719E+03,    0.3718943E+01
   0.1014653E+05,    0.4280710E+03,    0.4319125E+03,    0.3841505E+01
   0.1015359E+05,    0.4437220E+03,    0.4319270E+03,   -0.1179495E+02
